3.404 0.000 0.000
3.110 1.384 0.000
2.754 2.001 1.228
1.702 2.948 1.228
1.052 3.237 0.000
-0.356 3.385 0.000
-1.052 3.237 1.228
-2.278 2.530 1.228
-2.754 2.001 0.000
-3.329 0.708 0.000
-3.404 0.000 1.228
-3.110 -1.384 1.228
-2.754 -2.001 0.000
-1.702 -2.948 0.000
-1.052 -3.237 1.228
0.356 -3.385 1.228
1.052 -3.237 0.000
2.278 -2.530 0.000
2.754 -2.001 1.228
3.329 -0.708 1.228
3.404 0.000 2.456
3.110 1.384 2.456
2.754 2.001 3.684
1.702 2.948 3.684
1.052 3.237 2.456
-0.356 3.385 2.456
-1.052 3.237 3.684
-2.278 2.530 3.684
-2.754 2.001 2.456
-3.329 0.708 2.456
-3.404 0.000 3.684
-3.110 -1.384 3.684
-2.754 -2.001 2.456
-1.702 -2.948 2.456
-1.052 -3.237 3.684
0.356 -3.385 3.684
1.052 -3.237 2.456
2.278 -2.530 2.456
2.754 -2.001 3.684
3.329 -0.708 3.684